0.038256
0.084328
0.100404
0.111926
0.135739
0.207463
0.245216
0.246248
0.274665
0.293589
0.294186
0.323419
0.328417
0.332741
0.338490
0.343529
0.353778
0.360881
0.362441
0.398969
0.406164
0.414776
0.418492
0.435534
0.437068
0.441752
0.442580
0.446310
0.452760
0.452912
0.453337
0.468415
0.474076
0.474106
0.474664
0.475407
0.477395
0.478457
0.480823
0.482232
0.486025
0.487817
0.487828
0.488863
0.489358
0.490673
0.492228
0.496385
0.496795
0.497736
0.498442
0.499388
0.500625
0.501484
0.502383
0.502972
0.503714
0.504960
0.505602
0.506038
